[gd_scene load_steps=15 format=2]

[ext_resource path="res://Assets/Passenger.glb" type="PackedScene" id=1]
[ext_resource path="res://Assets/Passenger.gd" type="Script" id=2]
[ext_resource path="res://Assets/SFX/scream.mp3" type="AudioStream" id=3]

[sub_resource type="Shader" id=1]
code = "shader_type spatial;
render_mode blend_mix,depth_draw_opaque,cull_disabled,diffuse_burley,specular_schlick_ggx;
uniform vec4 albedo : hint_color;
uniform sampler2D texture_albedo : hint_albedo;
uniform float specular;
uniform float metallic;
uniform float roughness : hint_range(0,1);
uniform float point_size : hint_range(0,128);
uniform vec3 uv1_scale;
uniform vec3 uv1_offset;
uniform vec3 uv2_scale;
uniform vec3 uv2_offset;

uniform vec4 color : hint_color;

void vertex() {
	UV=UV*uv1_scale.xy+uv1_offset.xy;
}

uniform float threshold = 0.2;
bool about_equal(vec3 a, vec3 b){
	return a.x < b.x+threshold && a.x > b.x-threshold && a.y < b.y+threshold && a.y > b.y-threshold && a.z < b.z+threshold && a.z > b.z-threshold;
}

uniform vec4 skin_color:hint_color;
uniform vec4 replace_skin_color:hint_color;

uniform vec4 hair_color:hint_color;
uniform vec4 replace_hair_color:hint_color;

uniform vec4 pants_color:hint_color;
uniform vec4 replace_pants_color:hint_color;

uniform vec4 shoe_color:hint_color;
uniform vec4 replace_shoe_color:hint_color;
void fragment() {
	vec2 base_uv = UV;
	vec4 albedo_tex = texture(texture_albedo,base_uv);
	albedo_tex *= COLOR;
	if(albedo_tex.a > 0.1){
		ALBEDO = albedo.rgb * albedo_tex.rgb;
		if(about_equal(ALBEDO.rgb, replace_skin_color.rgb)){
			ALBEDO = skin_color.rgb;
		}
		else if(about_equal(ALBEDO.rgb, replace_hair_color.rgb)){
			ALBEDO = hair_color.rgb;
		}
		else if(about_equal(ALBEDO.rgb, replace_pants_color.rgb)){
			ALBEDO = pants_color.rgb;
		}else if(about_equal(ALBEDO.rgb, replace_shoe_color.rgb)){
			ALBEDO = shoe_color.rgb;
		}
	}else{
		ALBEDO = color.rgb;
	}
	METALLIC = metallic;
	ROUGHNESS = roughness;
	SPECULAR = specular;
}
"

[sub_resource type="Image" id=12]
data = {
"data": PoolByteArray( 219, 198, 159, 255, 255, 255, 255, 255, 0, 0, 0, 255, 58, 47, 40, 255, 63, 72, 204, 255, 97, 41, 30, 255, 88, 88, 88, 255, 0, 0, 0, 0, 0, 0, 0, 0, 0, 0, 0, 0, 0, 0, 0, 0, 0, 0, 0, 0, 0, 0, 0, 0, 0, 0, 0, 0, 0, 0, 0, 0, 0, 0, 0, 0 ),
"format": "RGBA8",
"height": 4,
"mipmaps": false,
"width": 4
}

[sub_resource type="ImageTexture" id=3]
image = SubResource( 12 )
size = Vector2( 4, 4 )

[sub_resource type="ShaderMaterial" id=4]
resource_local_to_scene = true
shader = SubResource( 1 )
shader_param/albedo = Color( 1, 1, 1, 1 )
shader_param/specular = 0.5
shader_param/metallic = 0.0
shader_param/roughness = 1.0
shader_param/point_size = 1.0
shader_param/uv1_scale = Vector3( 1, 1, 1 )
shader_param/uv1_offset = Vector3( 0, 0, 0 )
shader_param/uv2_scale = Vector3( 1, 1, 1 )
shader_param/uv2_offset = Vector3( 0, 0, 0 )
shader_param/color = Color( 0, 0, 0, 1 )
shader_param/threshold = 0.153
shader_param/skin_color = Color( 0.721569, 0.505882, 0.298039, 1 )
shader_param/replace_skin_color = Color( 0.933333, 0.768627, 0.607843, 1 )
shader_param/hair_color = Color( 0.694118, 0.513726, 0.160784, 1 )
shader_param/replace_hair_color = Color( 0.184314, 0.12549, 0.0117647, 1 )
shader_param/pants_color = null
shader_param/replace_pants_color = Color( 0.34768, 0.2952, 0.82, 1 )
shader_param/shoe_color = Color( 1, 0, 0, 1 )
shader_param/replace_shoe_color = Color( 0.298039, 0.298039, 0.298039, 1 )
shader_param/texture_albedo = SubResource( 3 )

[sub_resource type="CapsuleShape" id=5]
radius = 0.196042
height = 0.0422062

[sub_resource type="CapsuleShape" id=6]
radius = 0.225591
height = 0.295461

[sub_resource type="CapsuleShape" id=7]
radius = 0.106329
height = 0.361229

[sub_resource type="CapsuleShape" id=8]
radius = 0.0427499
height = 0.374228

[sub_resource type="CapsuleShape" id=9]
radius = 0.285052
height = 0.115338

[sub_resource type="CapsuleShape" id=10]
radius = 0.086198
height = 0.276155

[sub_resource type="CapsuleShape" id=11]
radius = 0.0863875
height = 0.312325

[node name="Passenger" instance=ExtResource( 1 )]
script = ExtResource( 2 )
mesh_path = NodePath("Armature/Skeleton/Body")
skeleton_path = NodePath("Armature/Skeleton")
shoe_color = Color( 0.298039, 0.298039, 0.298039, 1 )

[node name="Body" parent="Armature/Skeleton" index="0"]
material/0 = SubResource( 4 )

[node name="Physical Bone Torso" type="PhysicalBone" parent="Armature/Skeleton" index="1"]
transform = Transform( 1, 0, 2.38419e-07, -4.44089e-16, 1, 0, -2.38419e-07, 0, 1, -3.76184e-08, 0.797849, -0.157783 )
joint_type = 2
joint_offset = Transform( 1, 0, 0, 0, 1, 0, 0, 0, 1, -3.55271e-15, 5.96046e-08, 0.157783 )
body_offset = Transform( 1, 0, 0, -4.44089e-16, 1, 0, 0, 0, 1, 3.55271e-15, -5.96046e-08, -0.157783 )
bone_name = "Torso"
joint_constraints/swing_span = 30.0
joint_constraints/twist_span = 180.0
joint_constraints/bias = 0.3
joint_constraints/softness = 0.8
joint_constraints/relaxation = 1.0

[node name="CollisionShape" type="CollisionShape" parent="Armature/Skeleton/Physical Bone Torso" index="0"]
transform = Transform( 1, 0, 0, 0, 0, 1, 0, -1, 0, -4.21147e-08, 0, 0.176642 )
shape = SubResource( 5 )
disabled = true

[node name="Physical Bone Chest" type="PhysicalBone" parent="Armature/Skeleton" index="2"]
transform = Transform( 1, 4.65659e-10, 2.42144e-07, 6.83618e-15, 1, -2.8673e-08, -2.38419e-07, 2.12224e-08, 1, -4.41539e-08, 1.11342, 0.0638287 )
joint_type = 1
joint_offset = Transform( 1, 0, 0, 0, 1, 0, 0, 0, 1, 5.96096e-08, 0, -0.0638287 )
body_offset = Transform( 1, 4.65661e-10, 3.72529e-09, 0, 1, 0, 0, -7.45058e-09, 1, -5.93718e-08, 0, 0.0638287 )
bone_name = "Chest"
joint_constraints/bias = 0.3
joint_constraints/damping = 1.0
joint_constraints/impulse_clamp = 0.0

[node name="CollisionShape" type="CollisionShape" parent="Armature/Skeleton/Physical Bone Chest" index="0"]
transform = Transform( 1, 0, 0, 0, 0, 1, 0, -1, 0, 2.04689e-08, 0, -0.0858527 )
shape = SubResource( 6 )
disabled = true

[node name="Physical Bone Shoulderr" type="PhysicalBone" parent="Armature/Skeleton" index="3"]
transform = Transform( -0.0202469, -0.99911, -0.0368989, 0.999795, -0.0202332, -0.000746917, -3.24108e-07, -0.0369059, 0.999319, -0.303699, 1.31343, 0.0625089 )
joint_type = 2
joint_offset = Transform( 1, 0, 0, 0, 1, 0, 0, 0, 1, -4.76737e-06, 0.00917252, -0.0622126 )
body_offset = Transform( 1, -8.50081e-08, 3.53666e-09, -8.52823e-09, 0.999996, 2.42144e-07, -4.01684e-09, 1.30385e-07, 1, 4.76837e-06, -0.00917247, 0.0622126 )
bone_name = "Shoulder.r"
joint_constraints/swing_span = 30.0
joint_constraints/twist_span = 180.0
joint_constraints/bias = 0.3
joint_constraints/softness = 0.8
joint_constraints/relaxation = 1.0

[node name="CollisionShape" type="CollisionShape" parent="Armature/Skeleton/Physical Bone Shoulderr" index="0"]
transform = Transform( 1, -1.89885e-10, 1.05623e-08, -4.96176e-10, -2.23517e-08, 1, -2.53181e-10, -1, 2.23517e-08, -0.00331092, 0.165777, -0.0587843 )
shape = SubResource( 7 )
disabled = true
__meta__ = {
"_editor_description_": ""
}

[node name="Physical Bone Armr" type="PhysicalBone" parent="Armature/Skeleton" index="4"]
transform = Transform( -1.49012e-08, -0.999483, 0.0321336, -3.594e-07, 0.0321336, 0.999484, -1, -2.23517e-08, -3.66243e-07, -0.68933, 1.30576, 0.0211159 )
joint_type = 3
joint_offset = Transform( 1, 0, 0, 0, 1, 0, 0, 0, 1, 0.0348529, -0.0068691, 0.000220963 )
body_offset = Transform( -4.08038e-08, 0.0321336, 0.999484, -0.0321336, 0.998967, -0.032117, -0.999484, -0.032117, 0.00103252, -1.19209e-07, 0.00798905, 0.0346141 )
bone_name = "Arm.r"
joint_constraints/angular_limit_enabled = true
joint_constraints/angular_limit_upper = 0.0
joint_constraints/angular_limit_lower = -90.0
joint_constraints/angular_limit_bias = 0.3
joint_constraints/angular_limit_softness = 0.9
joint_constraints/angular_limit_relaxation = 1.0

[node name="CollisionShape" type="CollisionShape" parent="Armature/Skeleton/Physical Bone Armr" index="0"]
transform = Transform( 1, 0, 8.88178e-16, -4.44089e-15, 7.45058e-09, 1, 0, -1, 7.45058e-09, 0, 0.280646, -0.00902284 )
shape = SubResource( 8 )
disabled = true
__meta__ = {
"_editor_description_": ""
}

[node name="Physical Bone Neck" type="PhysicalBone" parent="Armature/Skeleton" index="5"]
transform = Transform( 1, 2.90168e-11, 2.38418e-07, 2.40386e-08, 0.994917, -0.100703, -2.37203e-07, 0.100703, 0.994917, 0, 1.39235, 2.28234e-08 )
joint_type = 2
body_offset = Transform( 1, 2.91251e-11, -1.27898e-13, 2.90772e-11, 1, 4.91738e-07, 1.84741e-13, -4.54485e-07, 1, 0, 0, 0 )
bone_name = "Neck"
joint_constraints/swing_span = 20.0
joint_constraints/twist_span = 0.0
joint_constraints/bias = 0.3
joint_constraints/softness = 0.8
joint_constraints/relaxation = 1.0

[node name="CollisionShape" type="CollisionShape" parent="Armature/Skeleton/Physical Bone Neck" index="0"]
transform = Transform( 1, 9.9476e-14, 1.77636e-15, -8.88178e-15, -1.49012e-08, 1, 5.68434e-14, -1, -7.45058e-09, 5.31999e-09, 0.22045, -0.0223136 )
shape = SubResource( 9 )
disabled = true

[node name="Physical Bone Shoulderl" type="PhysicalBone" parent="Armature/Skeleton" index="6"]
transform = Transform( -0.0202469, 0.999109, 0.0368986, -0.999795, -0.0202331, -0.000746926, 3.05039e-07, -0.0369057, 0.999319, 0.303699, 1.31343, 0.0625089 )
joint_type = 2
joint_offset = Transform( 1, 0, 0, 0, 1, 0, 0, 0, 1, 3.57601e-06, 0.00917264, -0.0622126 )
body_offset = Transform( 1, 8.13516e-08, 7.64052e-09, 3.64052e-09, 0.999995, 1.11759e-08, -1.18585e-08, 3.05474e-07, 1, -3.57628e-06, -0.00917259, 0.0622126 )
bone_name = "Shoulder.l"
joint_constraints/swing_span = 30.0
joint_constraints/twist_span = 180.0
joint_constraints/bias = 0.3
joint_constraints/softness = 0.8
joint_constraints/relaxation = 1.0

[node name="CollisionShape" type="CollisionShape" parent="Armature/Skeleton/Physical Bone Shoulderl" index="0"]
transform = Transform( 1, -1.89885e-10, 1.05623e-08, -4.96176e-10, -2.23517e-08, 1, -2.53181e-10, -1, 2.23517e-08, -0.00331092, 0.165777, -0.0587843 )
shape = SubResource( 7 )
disabled = true

[node name="Physical Bone Arml" type="PhysicalBone" parent="Armature/Skeleton" index="7"]
transform = Transform( -2.19792e-07, 0.999487, -0.0321338, 3.50076e-07, 0.0321337, 0.999487, 1, 1.11759e-07, -3.65777e-07, 0.689326, 1.30576, 0.0211158 )
joint_type = 3
joint_offset = Transform( 1, 0, 0, 0, 1, 0, 0, 0, 1, -0.0348528, -0.00686497, 0.000220831 )
body_offset = Transform( -3.70136e-08, -0.0321337, -0.999487, 0.0321334, 0.998971, -0.0321172, 0.999484, -0.032117, 0.00103252, 1.19209e-07, 0.00798494, 0.0346141 )
bone_name = "Arm.l"
joint_constraints/angular_limit_enabled = true
joint_constraints/angular_limit_upper = 90.0
joint_constraints/angular_limit_lower = 0.0
joint_constraints/angular_limit_bias = 0.3
joint_constraints/angular_limit_softness = 0.9
joint_constraints/angular_limit_relaxation = 1.0

[node name="CollisionShape" type="CollisionShape" parent="Armature/Skeleton/Physical Bone Arml" index="0"]
transform = Transform( 1, 0, 8.88178e-16, -4.44089e-15, 7.45058e-09, 1, 0, -1, 7.45058e-09, 0, 0.280646, -0.00902284 )
shape = SubResource( 8 )
disabled = true

[node name="Physical Bone Thyr" type="PhysicalBone" parent="Armature/Skeleton" index="8"]
transform = Transform( -0.998492, -0.0515116, 0.0190897, 0.0528816, -0.995391, 0.0800099, 0.0148801, 0.0808976, 0.996621, -0.104399, 0.734959, 0.0119363 )
joint_type = 2
joint_offset = Transform( 1, 0, 0, 0, 1, 0, 0, 0, 1, -0.00165252, -0.0352939, -0.00908709 )
body_offset = Transform( 0.999997, -6.36675e-06, 2.38363e-05, 6.18352e-06, 1, -0.000338905, -2.38605e-05, 0.000338636, 1, 0.00165251, 0.0352908, 0.009099 )
bone_name = "Thy.r"
joint_constraints/swing_span = 30.0
joint_constraints/twist_span = 180.0
joint_constraints/bias = 0.3
joint_constraints/softness = 0.8
joint_constraints/relaxation = 1.0

[node name="CollisionShape" type="CollisionShape" parent="Armature/Skeleton/Physical Bone Thyr" index="0"]
transform = Transform( 1, 0, -7.33417e-09, -3.72529e-09, 0, 1, 4.65661e-09, -1, 0, -0.00679146, 0.12782, -0.0102303 )
shape = SubResource( 10 )
disabled = true

[node name="Physical Bone Legr" type="PhysicalBone" parent="Armature/Skeleton" index="9"]
transform = Transform( 0.0157123, -0.0704221, 0.997399, 0.0270523, -0.997119, -0.0708273, 0.999515, 0.0280947, -0.0137622, -0.121579, 0.439521, 0.0817164 )
joint_type = 3
joint_offset = Transform( 1, 0, 0, 0, 1, 0, 0, 0, 1, -0.0542134, 0.012113, 0.00440508 )
body_offset = Transform( 0.000728152, 0.044194, -0.999023, -0.0978096, 0.994233, 0.043909, 0.9952, 0.0976834, 0.00504625, 0.00390492, -0.0175392, 0.0527477 )
bone_name = "Leg.r"
joint_constraints/angular_limit_enabled = true
joint_constraints/angular_limit_upper = 110.0
joint_constraints/angular_limit_lower = 10.0
joint_constraints/angular_limit_bias = 0.3
joint_constraints/angular_limit_softness = 0.9
joint_constraints/angular_limit_relaxation = 1.0

[node name="CollisionShape" type="CollisionShape" parent="Armature/Skeleton/Physical Bone Legr" index="0"]
transform = Transform( 1, 0, -6.98492e-10, 9.31323e-10, 0, 1, 1.67638e-08, -1, 0, -0.00556692, 0.168149, -0.0650475 )
shape = SubResource( 11 )
disabled = true

[node name="Physical Bone Thyl" type="PhysicalBone" parent="Armature/Skeleton" index="10"]
transform = Transform( -0.998491, 0.0515166, -0.0190907, -0.0528861, -0.99539, 0.0799648, -0.0148832, 0.0808532, 0.996623, 0.104401, 0.755557, 0.0764773 )
joint_type = 2
joint_offset = Transform( 1, 0, 0, 0, 1, 0, 0, 0, 1, 0.00370377, -0.0200091, -0.0750577 )
body_offset = Transform( 0.999996, 4.59573e-06, -2.23573e-05, -4.45731e-06, 0.999996, -0.000320472, 2.23629e-05, 0.00032106, 0.999999, -0.00370534, 0.019985, 0.075064 )
bone_name = "Thy.l"
joint_constraints/swing_span = 30.0
joint_constraints/twist_span = 180.0
joint_constraints/bias = 0.3
joint_constraints/softness = 0.8
joint_constraints/relaxation = 1.0

[node name="CollisionShape" type="CollisionShape" parent="Armature/Skeleton/Physical Bone Thyl" index="0"]
transform = Transform( 1, -4.65661e-09, -1.42027e-08, -2.32831e-09, -1.49012e-08, 1, 2.79397e-09, -1, 0, -0.00580993, 0.122517, -0.0758604 )
shape = SubResource( 10 )
disabled = true
__meta__ = {
"_editor_description_": ""
}

[node name="Physical Bone Legl" type="PhysicalBone" parent="Armature/Skeleton" index="11"]
transform = Transform( 0.273874, 0.0608584, -0.959844, -0.0270288, -0.997115, -0.0709317, -0.961387, 0.0453697, -0.271439, 0.121581, 0.43952, 0.0817012 )
joint_type = 3
joint_offset = Transform( 1, 0, 0, 0, 1, 0, 0, 0, 1, 0.0514579, 0.0112072, 0.018195 )
body_offset = Transform( -0.257907, -0.0349026, 0.96554, 0.102286, 0.992745, 0.0632053, -0.960733, 0.115064, -0.252465, -0.0039055, -0.0175393, 0.0527414 )
bone_name = "Leg.l"
joint_constraints/angular_limit_enabled = true
joint_constraints/angular_limit_upper = 10.0
joint_constraints/angular_limit_lower = -110.0
joint_constraints/angular_limit_bias = 0.3
joint_constraints/angular_limit_softness = 0.9
joint_constraints/angular_limit_relaxation = 1.0

[node name="CollisionShape" type="CollisionShape" parent="Armature/Skeleton/Physical Bone Legl" index="0"]
transform = Transform( 1, 0, -6.98492e-10, 9.31323e-10, 0, 1, 1.67638e-08, -1, 0, -0.00556692, 0.168149, -0.0650475 )
shape = SubResource( 11 )
disabled = true
__meta__ = {
"_editor_description_": ""
}

[node name="AnimationPlayer" parent="." index="1"]
playback_default_blend_time = 0.1

[node name="ScreamPlayer" type="AudioStreamPlayer3D" parent="." index="2"]
stream = ExtResource( 3 )
unit_db = 10.0
bus = "Scream"
